5.0
3.8
12.8
17.0
17.0
17.0
17.0
28.35
17.0
28.35
17.0
113.0
113.0
113.0
113.0
113.0
10.0
28.35
17.0
15.0
28.35
28.35
15.0
18.0
17.0
28.35
18.0
28.35
18.0
18.0
28.35
5.0
10.3
17.0
17.0
124.0
28.35
28.35
28.35
15.0
28.35
18.0
18.0
18.0
28.35
21.0
28.35
14.0
15.0
11.1
15.0
15.0
3.0
15.0
12.0
31.8
12.0
244.0
30.5
19.0
15.0
15.0
2.0
1.3
4.0
4.0
4.0
28.35
244.0
15.0
244.0
30.5
245.0
246.0
30.5
245.0
246.0
30.6
30.6
246.0
30.6
30.5
32.0
23.0
23.0
28.35
6.5
38.2
31.5
31.9
31.2
31.2
250.0
31.2
30.5
30.8
244.0
245.0
28.4
28.4
246.0
2.9
246.0
7.5
113.0
113.0
170.0
170.0
113.0
113.0
113.0
38.0
33.0
17.0
28.35
28.35
46.0
8.5
15.0
50.0
13.7
5.0
5.0
28.35
7.0
4.0
70.0
144.0
9.0
79.0
9.9
5.0
5.0
245.0
245.0
31.5
30.0
68.0
28.35
28.35
28.35
28.35
18.0
30.0
28.35
18.0
17.0
17.0
17.0
28.0
28.0
28.0
246.0
244.0
12.0
12.0
12.0
113.0
170.0
5.0
18.0
170.0
33.0
35.0
21.0
28.0
28.0
31.0
32.0
29.0
4.0
31.2
170.0
5.0
15.0
12.0
14.3
28.0
8.6
15.0
32.0
31.5
19.0
113.0
113.0
125.0
170.0
113.0
170.0
170.0
11.0
50.0
19.0
60.0
97.0
122.0
118.0
245.0
170.0
68.0
86.0
50.0
70.0
82.0
96.0
70.0
70.0
68.0
68.0
227.0
28.0
19.0
18.0
21.0
28.0
170.0
7.0
21.0
21.0
298.0
95.0
28.0
28.0
5.0
19.0
86.0
150.0
150.0
150.0
150.0
150.0
150.0
150.0
150.0
200.0
-1
-1
31.5
-1
-1
-1
113.0
-1
-1
-1
-1
-1
-1
-1
-1
1.9
2.1
0.7
0.6
2.1
2.0
2.0
0.6
2.7
2.6
2.1
0.6
1.8
2.1
2.0
2.1
1.0
2.0
3.7
3.1
1.8
1.7
0.6
2.0
2.2
2.4
1.0
2.3
0.5
0.1
1.8
2.4
2.8
1.5
1.7
1.2
0.7
0.7
1.4
0.6
1.0
3.0
2.5
1.0
5.0
0.4
5.0
0.4
4.2
4.2
4.2
5.0
8.6
5.0
0.7
0.1
0.3
0.5
5.0
5.3
5.3
1.0
5.7
9.0
-1
28.0
14.7
14.7
16.0
28.35
15.0
28.35
22.0
28.35
15.0
15.0
10.0
15.0
19.0
10.0
9.9
10.0
-1
-1
113.0
-1
-1
28.35
28.35
28.35
16.0
16.0
8.0
16.0
113.0
28.35
16.0
28.35
28.35
16.0
16.0
113.0
16.0
16.0
16.0
16.0
28.35
16.0
16.0
16.0
16.0
16.0
28.35
28.35
113.0
28.35
28.35
16.0
16.0
16.0
16.0
28.35
28.35
15.0
15.0
28.35
113.0
14.0
14.0
14.0
16.0
16.0
14.0
14.0
10.0
113.0
28.35
16.0
16.0
15.0
15.0
15.0
16.0
28.35
15.0
15.0
15.0
17.0
17.0
16.0
16.0
15.0
15.0
15.0
28.35
15.0
15.0
28.35
16.0
16.0
28.35
28.35
16.0
28.35
28.35
28.35
28.35
113.0
15.0
15.0
16.0
16.0
28.35
28.35
28.35
15.0
28.35
28.35
31.7
31.2
31.2
31.2
31.2
31.2
31.2
31.2
31.2
31.2
31.2
31.2
31.2
31.2
2.4
15.0
2.5
2.5
28.35
28.35
3.2
2.5
28.35
28.35
2.4
2.5
16.0
28.35
28.35
28.35
28.35
5.3
8.0
0.7
2.4
2.5
6.5
5.0
6.0
7.0
7.0
28.35
28.35
28.35
28.35
28.35
28.35
15.0
15.0
28.35
28.35
15.0
15.0
15.0
28.35
14.0
14.0
31.2
31.2
31.2
189.0
16.0
28.35
99.0
15.0
15.0
28.35
28.35
16.0
15.0
15.0
28.35
28.35
28.35
29.0
113.0
7.0
16.0
28.35
28.35
28.35
28.35
28.35
28.35
28.35
28.35
28.35
28.35
28.35
28.35
28.35
30.5
31.4
8.7
30.5
8.3
30.5
8.5
8.3
31.3
30.8
9.6
30.5
31.5
31.3
9.4
31.0
8.8
30.8
30.5
30.8
30.5
8.8
8.5
31.3
30.5
8.7
9.0
30.5
30.8
30.5
31.4
8.7
31.6
30.5
30.5
9.4
30.4
31.4
8.8
8.5
31.3
31.0
31.4
30.5
8.7
29.0
31.0
28.0
30.5
9.4
30.5
8.5
31.0
30.5
31.9
9.4
30.5
31.4
8.5
9.3
30.5
28.35
30.5
30.4
31.4
8.4
30.4
31.4
8.7
30.5
8.7
30.5
30.5
30.5
30.5
30.5
30.4
8.5
31.4
31.4
30.5
8.7
30.8
31.0
8.7
170.0
30.5
31.4
30.5
19.0
16.0
29.2
8.8
29.2
8.7
152.0
30.4
30.4
30.4
30.4
30.5
30.4
30.4
30.4
30.4
153.0
30.4
30.4
140.0
99.0
-1
8.0
7.0
9.5
12.8
12.8
15.0
16.0
16.0
15.0
15.0
16.0
14.7
16.0
15.0
16.0
15.0
10.0
13.8
15.0
15.0
14.1
15.0
12.8
4.5
4.5
4.5
4.5
4.5
4.5
4.5
4.5
4.5
4.5
4.7
14.7
16.0
4.8
14.0
16.0
15.0
16.0
14.7
15.0
13.8
14.0
16.0
4.5
4.5
4.5
4.5
4.5
13.6
4.5
4.5
4.5
4.5
4.5
12.8
4.5
4.5
4.5
4.5
4.5
4.5
4.5
15.0
4.5
12.8
4.5
12.8
4.5
12.8
12.8
12.8
12.8
12.8
12.8
12.8
12.8
12.8
13.6
4.5
4.5
12.8
4.3
12.8
4.5
4.5
4.5
4.5
4.7
12.8
12.8
4.5
4.5
4.5
4.5
4.5
4.5
4.5
12.8
14.0
14.0
14.0
12.8
4.3
4.7
14.2
4.8
4.8
4.8
12.8
5.0
14.2
14.0
15.0
14.0
14.0
14.0
14.0
14.0
14.6
15.0
12.8
16.0
14.0
14.0
15.0
15.0
15.0
4.5
13.6
4.5
4.5
4.5
4.5
4.5
4.5
4.5
4.5
4.5
4.5
14.0
4.5
4.5
4.5
4.5
4.5
4.5
4.5
4.5
4.5
14.0
12.8
12.8
4.7
4.5
4.5
14.0
14.0
14.0
14.0
14.0
14.0
0.3
14.0
14.0
14.0
30.0
14.0
8.0
14.0
14.9
4.0
14.0
14.0
4.8
4.8
4.8
14.0
4.5
4.5
4.5
4.5
4.5
30.0
33.0
34.0
30.0
13.7
15.0
-1
85.0
85.0
85.0
85.0
85.0
85.0
85.0
85.0
85.0
140.0
140.0
85.0
140.0
8.7
8.7
47.0
114.0
33.0
34.0
44.0
23.0
13.0
145.0
28.35
145.0
1.8
1.0
44.0
44.0
116.0
113.0
78.0
79.0
90.0
85.0
85.0
110.0
101.0
110.0
88.0
64.0
64.0
71.0
109.0
91.0
81.0
86.0
12.8
59.0
72.0
44.0
32.0
36.0
31.0
35.0
24.0
26.0
87.0
84.0
59.0
58.0
66.0
85.0
52.0
52.0
57.0
130.0
43.0
29.0
96.0
34.0
122.0
25.0
96.0
28.0
49.0
95.0
67.0
35.0
75.0
30.0
56.0
22.0
60.0
15.0
16.0
11.0
11.0
6.0
7.0
5.0
28.35
52.0
38.0
116.0
41.0
85.0
31.0
116.0
33.0
107.0
29.0
19.0
85.0
24.0
17.0
12.0
13.0
14.0
85.0
85.0
85.0
85.0
85.0
140.0
25.0
15.0
99.0
78.0
113.0
94.0
85.0
85.0
85.0
85.0
85.0
137.0
28.0
17.0
89.0
64.0
105.0
73.0
85.0
85.0
85.0
85.0
18.0
11.0
85.0
140.0
137.0
100.0
10.0
85.0
73.0
85.0
140.0
85.0
143.0
11.0
85.0
85.0
85.0
85.0
85.0
99.0
109.0
92.0
56.0
85.0
168.0
101.0
85.0
85.0
85.0
85.0
28.35
85.0
85.0
95.0
63.0
45.0
24.0
20.0
78.0
53.0
28.35
85.0
85.0
85.0
28.35
85.0
85.0
85.0
85.0
85.0
34.0
146.0
112.0
105.0
71.0
33.0
24.0
85.0
114.0
85.0
114.0
85.0
85.0
85.0
31.0
142.0
13.0
125.0
28.35
85.0
85.0
85.0
85.0
64.0
227.0
227.0
227.0
227.0
114.0
82.0
85.0
85.0
85.0
85.0
28.0
29.0
74.0
85.0
56.0
44.0
43.0
35.0
71.0
96.0
60.0
60.0
15.0
15.0
112.0
85.0
95.0
28.35
135.0
135.0
135.0
51.0
28.35
28.35
28.35
28.35
28.35
28.35
28.35
28.35
28.35
85.0
28.35
9.4
85.0
85.0
85.0
85.0
71.0
95.0
51.0
113.0
28.0
117.0
85.0
85.0
85.0
85.0
85.0
85.0
85.0
85.0
85.0
85.0
85.0
109.0
85.0
28.35
28.35
85.0
28.35
85.0
28.35
28.35
85.0
28.35
85.0
28.35
28.35
28.35
85.0
28.35
85.0
28.35
28.35
85.0
28.35
28.35
85.0
85.0
28.35
85.0
85.0
95.0
111.0
28.35
28.35
28.35
95.0
111.0
136.0
91.0
95.0
85.0
85.0
112.0
28.35
28.35
28.35
95.0
130.0
91.0
85.0
85.0
112.0
85.0
114.0
85.0
114.0
85.0
28.35
28.35
114.0
85.0
114.0
85.0
85.0
28.0
85.0
85.0
85.0
85.0
85.0
85.0
28.0
85.0
28.35
28.35
85.0
85.0
85.0
114.0
85.0
114.0
85.0
28.0
114.0
85.0
85.0
85.0
85.0
85.0
85.0
85.0
85.0
85.0
85.0
85.0
85.0
85.0
85.0
85.0
85.0
85.0
85.0
114.0
85.0
85.0
85.0
85.0
85.0
126.0
257.0
126.0
130.0
263.0
243.0
240.0
125.0
126.0
124.0
126.0
124.0
245.0
126.0
126.0
243.0
124.0
240.0
126.0
255.0
121.0
263.0
240.0
126.0
126.0
126.0
124.0
248.0
124.0
240.0
123.0
126.0
126.0
126.0
126.0
123.0
126.0
126.0
123.0
128.0
240.0
135.0
124.0
126.0
126.0
124.0
126.0
251.0
123.0
129.0
236.0
230.0
126.0
245.0
126.0
123.0
3.6
3.6
2.0
4.8
126.0
126.0
124.0
7.5
124.0
18.0
18.0
59.0
3.0
233.0
128.0
6.0
57.0
8.0
238.0
21.0
24.0
6.7
5.0
7.0
25.0
11.1
103.0
-1
126.0
126.0
126.0
124.0
17.0
19.0
63.0
129.0
148.0
36.0
125.0
125.0
125.0
1.2
1.2
240.0
240.0
233.0
16.0
18.0
245.0
-1
18.0
216.0
251.0
240.0
219.0
36.0
245.0
253.0
245.0
249.0
124.0
248.0
245.0
124.0
248.0
251.0
126.0
124.0
124.0
124.0
31.0
126.0
124.0
124.0
130.0
130.0
130.0
130.0
130.0
130.0
125.0
130.0
130.0
31.5
125.0
125.0
125.0
125.0
130.0
130.0
125.0
125.0
130.0
245.0
245.0
31.5
245.0
245.0
248.0
245.0
254.0
245.0
245.0
245.0
248.0
31.6
-1
-1
16.0
126.0
126.0
124.0
243.0
240.0
246.0
59.0
59.0
59.0
59.0
59.0
59.0
60.0
59.0
60.0
59.0
59.0
59.0
59.0
59.0
59.0
60.0
124.0
124.0
124.0
124.0
129.0
124.0
124.0
124.0
124.0
124.0
126.0
126.0
126.0
124.0
126.0
124.0
126.0
251.0
31.5
128.0
126.0
126.0
126.0
126.0
126.0
126.0
126.0
126.0
124.0
126.0
128.0
245.0
245.0
245.0
245.0
245.0
245.0
245.0
245.0
243.0
245.0
245.0
245.0
245.0
244.0
247.0
245.0
33.3
245.0
250.0
245.0
244.0
248.0
247.0
244.0
245.0
206.0
30.5
244.0
245.0
248.0
243.0
32.6
31.1
245.0
31.0
251.0
241.0
245.0
247.0
245.0
245.0
245.0
241.0
245.0
244.0
31.0
244.0
244.0
245.0
241.0
32.4
253.0
244.0
245.0
244.0
245.0
245.0
244.0
245.0
247.0
30.5
30.1
241.0
298.0
244.0
241.0
29.9
29.9
30.1
182.0
305.0
32.6
298.0
28.7
245.0
265.0
245.0
245.0
245.0
245.0
245.0
245.0
245.0
245.0
245.0
245.0
245.0
256.0
245.0
244.0
245.0
244.0
247.0
31.0
245.0
5.8
121.0
305.0
305.0
305.0
305.0
305.0
305.0
305.0
305.0
305.0
305.0
32.0
32.0
60.0
16.0
32.0
32.0
32.0
16.0
32.0
235.0
213.0
220.0
245.0
17.0
283.0
283.0
283.0
283.0
283.0
283.0
283.0
63.0
61.0
63.0
62.0
60.0
6.5
6.9
6.2
221.0
-1
240.0
240.0
240.0
240.0
243.0
128.0
127.0
125.0
126.0
135.0
136.0
240.0
292.0
210.0
250.0
63.0
132.0
130.0
124.0
121.0
6.7
6.7
6.7
-1
15.0
15.0
30.5
31.0
32.4
31.0
253.0
244.0
39.0
240.0
17.0
6.0
241.0
128.0
236.0
251.0
240.0
2.6
5.6
6.0
227.0
57.0
126.0
124.0
124.0
126.0
120.0
124.0
126.0
130.0
130.0
59.0
59.0
59.0
56.0
23.0
56.0
6.0
23.0
100.0
91.0
28.0
100.0
23.0
28.0
85.0
18.0
70.0
100.0
56.0
28.35
28.0
38.0
49.0
45.0
28.35
21.0
21.0
13.0
28.0
21.0
15.0
28.0
15.0
28.0
91.0
28.35
28.35
28.35
18.0
9.3
45.0
21.0
14.0
15.0
28.0
57.0
13.0
13.0
13.0
100.0
2.0
38.0
85.0
28.0
21.0
28.0
25.0
23.0
13.0
128.0
13.0
26.0
12.3
28.0
10.0
9.8
15.0
16.0
85.0
16.0
56.0
16.0
16.0
23.0
67.0
23.0
23.0
28.0
28.0
52.0
28.0
9.0
9.0
45.0
9.8
30.0
85.0
28.35
57.0
56.0
28.0
56.0
56.0
84.0
55.0
57.0
100.0
84.0
55.0
76.0
77.0
28.35
56.0
77.0
28.0
66.0
84.0
66.0
57.0
28.0
56.0
84.0
56.0
56.0
56.0
42.0
42.0
56.0
56.0
56.0
28.35
55.0
76.0
38.0
28.0
56.0
28.0
48.0
48.0
52.0
52.0
17.0
28.0
21.0
48.0
57.0
43.0
57.0
57.0
28.0
28.0
12.0
51.0
50.0
48.0
85.0
85.0
23.0
85.0
370.0
85.0
33.0
56.0
8.1
15.0
-1
-1
85.0
56.0
31.0
20.0
28.0
30.0
27.0
26.0
27.0
28.0
31.0
29.0
26.0
27.0
31.0
28.0
49.0
28.0
29.0
30.0
29.0
58.0
30.0
27.0
31.0
28.35
58.0
29.0
28.0
32.0
31.0
30.0
21.0
27.0
48.0
32.0
30.0
27.0
59.0
59.0
27.0
29.0
14.0
31.0
30.0
30.0
27.0
27.0
28.0
30.0
32.0
59.0
47.0
31.0
28.35
14.0
29.0
27.0
9.7
16.0
7.0
219.0
28.0
28.0
45.0
15.0
10.6
16.0
11.0
14.9
11.5
15.0
15.0
35.0
27.0
14.6
28.0
177.0
43.0
45.0
15.0
43.0
44.0
15.0
30.0
35.0
182.0
31.0
182.0
15.0
47.0
49.0
14.0
12.0
170.0
9.7
16.0
233.0
233.0
183.0
251.0
10.9
233.0
35.0
175.0
182.0
182.0
49.0
52.0
55.0
29.0
40.0
60.0
30.0
30.0
32.0
27.0
56.0
56.0
57.0
51.0
55.0
28.0
35.0
37.0
40.0
-1
27.0
-1
57.0
30.0
62.0
53.0
-1
-1
29.0
49.0
55.0
30.0
27.0
33.0
27.0
27.0
31.0
33.0
33.0
55.0
60.0
55.0
30.0
31.0
30.0
30.0
37.0
41.0
50.0
54.0
30.0
30.0
33.0
32.0
33.0
32.0
60.0
28.0
33.0
16.0
63.0
14.0
21.0
29.0
53.0
31.0
55.0
53.0
33.0
19.0
30.0
53.0
52.0
40.0
31.0
43.0
50.0
41.0
55.0
43.0
28.0
28.0
28.0
40.0
40.0
29.0
55.0
54.0
55.0
30.0
32.0
29.0
27.0
30.0
59.0
30.0
35.0
45.0
30.0
33.0
30.0
29.0
55.0
27.0
29.0
30.0
28.0
29.0
29.0
28.0
25.0
268.0
268.0
28.0
32.0
50.0
55.0
55.0
55.0
30.0
48.0
22.0
32.0
26.0
30.0
52.0
53.0
40.0
40.0
58.0
43.0
43.0
55.0
13.8
244.0
231.0
13.7
245.0
237.0
28.0
8.9
27.0
27.0
31.0
28.0
52.0
30.0
51.0
33.0
55.0
28.0
27.0
32.0
30.0
50.0
52.0
55.0
30.0
30.0
30.0
30.0
29.0
31.0
55.0
26.0
49.0
32.0
32.0
56.0
56.0
56.0
31.0
30.0
27.0
34.0
41.0
33.0
31.0
33.0
27.0
27.0
51.0
30.0
31.0
30.0
29.0
30.0
27.0
30.0
30.0
28.0
28.0
31.0
55.0
30.0
32.0
55.0
30.0
30.0
27.0
30.0
55.0
30.0
30.0
30.0
55.0
31.0
30.0
43.0
27.0
28.0
53.0
30.0
28.0
45.0
45.0
45.0
70.0
75.0
70.0
75.0
73.0
45.0
56.0
58.0
50.0
31.0
53.0
31.0
52.0
52.0
52.0
51.0
32.0
28.0
55.0
55.0
49.0
31.0
59.0
4.8
30.2
101.0
110.0
171.0
170.0
204.0
204.0
60.0
193.0
6.4
255.0
280.0
173.0
206.0
31.0
211.0
29.9
244.0
246.0
35.0
36.0
227.0
36.0
247.0
40.0
40.0
258.0
246.0
119.0
249.0
3.5
250.0
270.0
242.0
31.4
146.0
30.0
230.0
81.0
6.2
144.0
250.0
40.0
256.0
151.0
68.0
256.0
140.0
155.0
230.0
256.0
132.0
96.0
70.0
20.0
160.0
103.0
244.0
252.0
256.0
261.0
155.0
8.2
248.0
250.0
252.0
253.0
261.0
259.0
110.0
100.0
40.0
57.0
275.0
112.0
112.0
144.0
-1
7.1
145.0
40.0
27.0
28.0
28.0
261.0
8.4
259.0
237.0
237.0
123.0
242.0
248.0
130.0
245.0
249.0
252.0
255.0
259.0
150.0
252.0
28.0
100.0
123.0
123.0
123.0
118.0
118.0
118.0
244.0
249.0
254.0
30.9
31.2
207.0
30.9
240.0
30.9
6.0
31.6
2.4
49.0
245.0
256.0
31.6
140.0
55.0
6.0
238.0
151.0
9.0
-1
-1
69.0
19.0
7.0
5.9
5.0
30.5
2.0
67.0
30.8
30.8
40.0
9.6
2.5
147.0
3.2
1.7
13.6
846.0
165.0
196.0
-1
55.0
164.0
125.0
173.0
15.0
129.0
11.0
3.2
8.3
2.7
96.0
121.0
140.0
141.0
159.0
31.0
31.1
31.1
31.1
31.1
31.1
33.0
33.0
31.1
2.0
30.9
76.0
249.0
252.0
30.9
31.1
145.0
39.0
31.2
18.0
30.9
30.9
130.0
98.0
98.0
247.0
98.0
98.0
262.0
242.0
116.0
242.0
13.0
258.0
270.0
155.0
31.1
140.0
76.0
76.0
76.0
76.0
76.0
79.0
18.0
255.0
280.0
31.2
168.0
34.0
25.0
56.0
47.0
47.0
48.0
49.0
260.0
245.0
31.3
216.0
31.2
7.0
148.0
154.0
66.0
46.0
46.0
46.0
46.0
261.0
87.0
103.0
86.0
132.0
280.0
9.5
248.0
248.0
32.0
190.0
92.0
145.0
14.0
145.0
9.0
19.0
256.0
250.0
51.0
137.0
240.0
57.0
-1
170.0
175.0
225.0
7.0
254.0
10.6
255.0
255.0
155.0
2.0
257.0
122.0
5.0
42.0
122.0
214.0
244.0
319.0
26.0
182.0
168.0
179.0
12.7
48.0
183.0
189.0
31.0
244.0
255.0
31.4
196.0
31.1
31.2
31.3
211.0
29.9
140.0
126.0
140.0
140.0
247.0
178.0
24.0
243.0
36.0
-1
114.0
114.0
112.0
112.0
-1
-1
74.0
251.0
251.0
251.0
251.0
-1
-1
-1
31.4
250.0
250.0
53.0
169.0
11.1
9.8
120.0
209.0
246.0
109.0
109.0
109.0
109.0
109.0
31.1
240.0
275.0
31.3
240.0
31.6
227.0
252.0
230.0
233.0
177.0
140.0
335.0
81.0
200.0
5.2
5.0
70.0
70.0
248.0
233.0
228.0
85.0
28.35
28.35
28.35
28.35
28.35
28.35
28.35
28.35
85.0
28.35
85.0
28.35
85.0
85.0
85.0
85.0
85.0
85.0
85.0
85.0
85.0
85.0
85.0
85.0
80.0
79.0
81.0
85.0
85.0
85.0
85.0
85.0
85.0
85.0
85.0
85.0
85.0
85.0
85.0
85.0
85.0
85.0
85.0
133.0
85.0
85.0
85.0
85.0
85.0
67.0
85.0
85.0
85.0
85.0
85.0
85.0
85.0
85.0
85.0
85.0
85.0
85.0
135.0
85.0
85.0
85.0
135.0
145.0
85.0
28.35
85.0
28.35
85.0
85.0
85.0
85.0
85.0
85.0
85.0
85.0
85.0
85.0
85.0
85.0
85.0
85.0
85.0
85.0
85.0
85.0
114.0
28.35
85.0
28.35
85.0
28.35
111.0
28.35
28.35
129.0
28.35
28.35
85.0
28.35
28.35
85.0
28.35
85.0
28.35
28.35
85.0
28.35
85.0
28.35
85.0
28.35
85.0
28.0
68.0
57.0
28.35
85.0
85.0
28.35
85.0
85.0
28.35
28.35
28.35
28.35
28.35
28.35
85.0
85.0
114.0
85.0
28.35
28.35
28.35
85.0
85.0
28.35
85.0
85.0
28.35
85.0
85.0
85.0
85.0
85.0
85.0
85.0
28.0
85.0
28.35
85.0
142.0
28.35
85.0
85.0
85.0
85.0
85.0
81.0
80.0
75.0
85.0
85.0
72.0
71.0
66.0
85.0
28.35
85.0
138.0
85.0
80.0
138.0
85.0
82.0
85.0
85.0
85.0
85.0
85.0
85.0
85.0
28.35
85.0
76.0
85.0
73.0
85.0
85.0
28.35
85.0
28.35
85.0
17.0
28.35
17.0
113.0
84.0
112.0
112.0
28.0
28.35
28.0
56.0
150.0
150.0
8.1
9.1
11.5
85.0
85.0
85.0
85.0
85.0
85.0
85.0
85.0
85.0
85.0
85.0
85.0
85.0
85.0
85.0
85.0
85.0
85.0
85.0
85.0
85.0
28.35
85.0
85.0
28.35
85.0
85.0
85.0
85.0
85.0
28.35
85.0
117.0
117.0
85.0
28.35
28.35
85.0
28.35
28.35
28.35
28.35
28.35
28.35
28.35
28.35
28.35
28.35
85.0
85.0
85.0
85.0
85.0
85.0
85.0
85.0
85.0
85.0
85.0
85.0
85.0
85.0
85.0
85.0
85.0
85.0
28.35
85.0
28.35
85.0
28.35
85.0
85.0
85.0
85.0
28.35
85.0
85.0
85.0
85.0
107.0
114.0
146.0
107.0
85.0
85.0
85.0
85.0
85.0
85.0
85.0
85.0
85.0
92.0
105.0
85.0
85.0
113.0
113.0
113.0
85.0
85.0
85.0
85.0
85.0
114.0
85.0
85.0
85.0
85.0
122.0
122.0
138.0
131.0
85.0
85.0
122.0
122.0
138.0
26.0
13.8
3.0
14.0
132.0
12.0
12.0
128.0
84.0
84.0
80.0
3.5
60.0
122.0
18.0
58.0
60.0
4.0
58.0
93.0
62.0
76.0
120.0
131.0
184.0
-1
156.0
170.0
124.0
160.0
170.0
164.0
180.0
104.0
124.0
124.0
104.0
-1
94.0
94.0
245.0
55.0
125.0
240.0
62.0
114.0
121.0
135.0
111.0
116.0
82.0
85.0
246.0
8.0
19.0
72.0
8.0
-1
31.0
37.0
156.0
184.0
95.0
92.0
19.0
85.0
19.0
21.0
95.0
155.0
118.0
125.0
5.0
-1
45.0
15.0
75.0
23.0
22.0
70.0
145.0
14.0
170.0
150.0
76.0
14.0
178.0
-1
3.0
9.7
123.0
2.8
64.0
146.0
206.0
13.0
54.0
66.0
180.0
156.0
155.0
4.0
75.0
8.0
36.0
175.0
132.0
160.0
45.0
29.0
45.0
1.0
14.0
100.0
36.0
190.0
95.0
170.0
4.0
73.0
8.0
256.0
164.0
256.0
210.0
150.0
136.0
165.0
125.0
63.0
141.0
227.0
56.0
145.0
165.0
160.0
170.0
12.0
95.0
12.0
14.0
3.0
53.0
1.0
68.0
52.0
7.0
55.0
105.0
82.0
99.0
118.0
155.0
25.0
150.0
2.8
2.0
58.0
146.0
95.0
89.0
21.0
42.0
80.0
87.0
150.0
6.0
24.0
28.0
87.0
16.0
130.0
94.0
65.0
6.3
19.0
5.4
12.9
16.0
165.0
121.0
-1
180.0
6.0
26.0
77.0
-1
5.0
6.0
5.0
4.8
81.0
60.0
2.6
68.0
145.0
6.0
9.8
108.0
7.0
84.0
20.0
19.0
3.6
72.0
56.0
140.0
146.0
150.0
150.0
180.0
56.0
180.0
95.0
80.0
95.0
92.0
9.0
8.0
5.0
63.0
87.0
95.0
15.0
95.0
210.0
5.0
6.0
-1
148.0
85.0
48.0
3.8
133.0
78.0
34.0
160.0
144.0
160.0
145.0
160.0
124.0
175.0
114.0
163.0
134.0
80.0
120.0
-1
255.0
70.0
80.0
120.0
69.0
180.0
68.0
9.3
11.6
140.0
95.0
-1
115.0
4.0
153.0
240.0
160.0
10.0
75.0
75.0
75.0
75.0
138.0
138.0
138.0
82.0
69.0
85.0
38.0
61.0
58.0
78.0
34.0
78.0
78.0
58.0
156.0
210.0
245.0
245.0
300.0
35.0
60.0
210.0
200.0
210.0
200.0
210.0
26.0
137.0
26.0
137.0
105.0
29.0
170.0
-1
30.0
21.0
-1
-1
91.0
7.0
182.0
-1
89.0
76.0
65.0
50.0
65.0
50.0
-1
153.0
133.0
160.0
250.0
2.0
134.0
39.0
71.0
116.0
245.0
245.0
270.0
3.0
115.0
1.0
116.0
147.0
116.0
140.0
170.0
133.0
135.0
142.0
10.0
10.0
10.0
10.0
3.0
104.0
256.0
180.0
10.0
94.0
-1
10.0
180.0
234.0
214.0
156.0
95.0
127.0
90.0
8.0
130.0
192.0
130.0
180.0
9.9
120.0
95.0
223.0
227.0
140.0
205.0
245.0
140.0
205.0
113.0
240.0
116.0
205.0
236.0
101.0
155.0
-1
192.0
266.0
255.0
156.0
170.0
13.0
98.0
16.0
64.0
130.0
60.0
151.0
200.0
255.0
176.0
176.0
104.0
132.0
10.0
145.0
43.0
140.0
125.0
137.0
20.0
15.0
240.0
15.0
255.0
241.0
182.0
16.0
250.0
-1
245.0
245.0
245.0
122.0
250.0
244.0
31.0
15.0
156.0
94.0
156.0
55.0
144.0
117.0
82.0
164.0
95.0
163.0
182.0
245.0
163.0
95.0
91.0
182.0
-1
36.0
28.0
2.5
132.0
175.0
16.0
62.0
-1
-1
150.0
68.0
6.0
-1
246.0
227.0
89.0
-1
0.2
133.0
-1
100.0
11.0
118.0
67.0
130.0
0.2
0.4
125.0
22.0
0.4
17.0
0.9
9.9
180.0
116.0
205.0
228.0
196.0
244.0
-1
-1
29.5
167.0
210.0
136.0
105.0
101.0
-1
-1
7.0
10.0
45.0
194.0
22.0
138.0
202.0
38.0
10.0
74.0
121.0
111.0
139.0
33.0
18.0
132.0
12.0
84.0
80.0
60.0
122.0
60.0
58.0
124.0
120.0
-1
170.0
248.0
180.0
170.0
124.0
-1
94.0
-1
55.0
125.0
125.0
125.0
120.0
120.0
120.0
62.0
121.0
135.0
135.0
135.0
85.0
246.0
144.0
-1
-1
-1
11.0
114.0
37.0
184.0
92.0
21.0
155.0
125.0
-1
35.0
35.0
75.0
22.0
145.0
170.0
14.0
-1
9.7
123.0
2.8
146.0
54.0
180.0
155.0
75.0
175.0
160.0
100.0
190.0
170.0
8.0
256.0
256.0
210.0
165.0
63.0
165.0
170.0
95.0
53.0
135.0
105.0
99.0
146.0
89.0
42.0
118.0
87.0
87.0
130.0
130.0
130.0
165.0
180.0
26.0
60.0
9.8
72.0
140.0
150.0
180.0
180.0
80.0
92.0
8.0
15.0
210.0
78.0
160.0
160.0
160.0
124.0
85.0
80.0
-1
255.0
80.0
180.0
45.0
68.0
9.3
11.6
11.6
12.0
11.6
153.0
165.0
61.0
61.0
58.0
78.0
34.0
78.0
202.0
78.0
58.0
-1
50.0
74.0
65.0
245.0
245.0
245.0
245.0
134.0
71.0
115.0
147.0
120.0
135.0
180.0
180.0
234.0
95.0
180.0
180.0
192.0
90.0
90.0
223.0
205.0
205.0
245.0
205.0
240.0
205.0
236.0
155.0
192.0
170.0
98.0
64.0
100.0
151.0
176.0
132.0
145.0
140.0
137.0
120.0
15.0
30.4
250.0
156.0
156.0
144.0
82.0
86.0
91.0
175.0
31.0
68.0
-1
14.0
73.0
77.0
77.0
256.0
256.0
164.0
256.0
256.0
210.0
210.0
165.0
165.0
165.0
125.0
63.0
63.0
70.0
95.0
11.6
11.6
106.0
104.0
94.0
-1
-1
-1
145.0
31.0
210.0
210.0
0.4
62.0
62.0
210.0
9.0
20.0
7.0
6.0
121.0
6.0
7.0
1.0
15.0
10.0
6.0
7.0
6.0
9.0
3.0
52.0
8.0
11.0
34.0
2.0
3.0
87.0
15.0
2.0
10.0
33.0
0.5
86.0
29.0
25.0
90.0
62.0
88.0
109.0
4.8
6.1
3.0
4.0
33.0
6.1
17.0
14.0
139.0
27.0
7.0
245.0
0.8
22.0
17.0
15.0
4.5
5.5
130.0
135.0
-1
1.1
-1
-1
-1
84.0
28.35
28.35
28.35
28.35
28.35
5.0
28.35
28.35
30.0
28.35
28.35
28.35
28.35
28.35
9.0
28.35
28.35
28.35
28.35
28.35
46.0
28.35
28.35
28.35
16.0
4.0
28.35
28.35
28.35
1.2
9.1
28.35
28.35
28.35
28.35
5.0
3.0
8.6
28.35
28.35
16.0
28.35
28.35
28.35
28.35
28.35
28.35
28.35
28.35
28.35
45.0
28.35
28.35
77.0
28.35
15.0
19.0
15.0
15.0
15.0
14.0
28.35
28.35
28.35
28.35
28.35
3.0
28.35
28.35
28.35
147.0
28.35
28.35
28.35
132.0
28.35
28.35
28.35
28.35
1.7
1.0
0.7
0.7
7.8
28.0
28.0
28.0
28.35
10.0
28.35
15.0
28.35
16.0
28.35
14.0
28.35
28.35
15.0
28.35
93.0
28.35
16.0
15.0
28.35
2.7
28.35
28.35
28.35
28.35
28.35
2.5
28.35
28.35
27.0
28.35
28.35
28.35
16.0
28.35
28.35
28.0
28.35
28.35
16.0
28.35
28.35
14.0
28.35
28.35
28.35
0.7
28.35
28.35
16.0
15.0
28.35
28.35
85.0
28.35
28.35
28.35
28.35
28.35
85.0
85.0
28.35
85.0
85.0
28.35
85.0
85.0
28.35
85.0
28.35
85.0
28.35
85.0
28.35
85.0
85.0
85.0
85.0
45.0
28.35
85.0
85.0
85.0
85.0
85.0
85.0
85.0
85.0
85.0
85.0
28.35
85.0
85.0
28.35
85.0
28.35
85.0
85.0
68.0
81.0
28.35
85.0
28.35
28.35
85.0
28.35
85.0
28.35
28.35
85.0
28.35
85.0
28.35
56.0
85.0
68.0
34.0
28.35
85.0
21.0
85.0
28.0
85.0
85.0
28.0
85.0
28.0
85.0
28.35
28.0
85.0
85.0
85.0
85.0
85.0
85.0
85.0
85.0
85.0
85.0
85.0
85.0
85.0
85.0
85.0
85.0
85.0
85.0
85.0
85.0
85.0
85.0
85.0
85.0
85.0
85.0
85.0
85.0
85.0
85.0
85.0
85.0
85.0
85.0
85.0
85.0
85.0
85.0
85.0
85.0
85.0
85.0
85.0
85.0
85.0
85.0
85.0
85.0
85.0
85.0
85.0
85.0
85.0
85.0
85.0
85.0
85.0
85.0
85.0
85.0
85.0
85.0
85.0
85.0
85.0
85.0
85.0
85.0
85.0
85.0
85.0
85.0
85.0
85.0
85.0
85.0
85.0
85.0
85.0
85.0
85.0
85.0
85.0
85.0
85.0
85.0
85.0
85.0
85.0
85.0
85.0
85.0
85.0
85.0
85.0
85.0
85.0
85.0
85.0
85.0
85.0
85.0
85.0
85.0
85.0
85.0
85.0
85.0
85.0
85.0
77.0
70.0
28.35
85.0
85.0
85.0
85.0
85.0
85.0
85.0
85.0
85.0
85.0
85.0
85.0
85.0
85.0
85.0
85.0
85.0
85.0
114.0
85.0
114.0
85.0
114.0
85.0
28.35
85.0
85.0
85.0
28.35
85.0
28.35
85.0
28.35
85.0
28.35
85.0
28.35
85.0
28.35
85.0
28.35
85.0
85.0
85.0
85.0
28.35
85.0
85.0
28.35
85.0
85.0
28.35
85.0
85.0
28.35
85.0
85.0
28.35
85.0
85.0
28.35
85.0
85.0
28.35
85.0
85.0
28.35
85.0
85.0
28.35
85.0
85.0
28.35
85.0
85.0
85.0
85.0
85.0
28.35
85.0
85.0
85.0
85.0
28.35
85.0
28.35
85.0
28.35
85.0
85.0
28.35
85.0
85.0
85.0
85.0
85.0
28.35
85.0
28.35
85.0
28.35
85.0
28.35
85.0
28.35
85.0
28.35
85.0
85.0
85.0
28.35
85.0
85.0
28.35
85.0
85.0
85.0
28.35
85.0
85.0
28.35
85.0
85.0
85.0
85.0
85.0
85.0
85.0
85.0
85.0
85.0
85.0
85.0
85.0
85.0
85.0
85.0
85.0
85.0
85.0
85.0
85.0
28.35
85.0
85.0
28.35
85.0
85.0
85.0
85.0
28.35
85.0
85.0
85.0
85.0
85.0
85.0
85.0
85.0
85.0
85.0
85.0
85.0
85.0
569.0
85.0
85.0
85.0
85.0
85.0
85.0
85.0
85.0
85.0
85.0
85.0
85.0
85.0
85.0
85.0
85.0
85.0
85.0
85.0
85.0
85.0
85.0
85.0
85.0
85.0
29.7
29.8
29.5
29.5
29.5
30.5
30.2
29.5
32.6
240.0
31.4
31.1
240.0
240.0
17.0
29.4
480.0
30.8
32.3
30.4
480.0
240.0
39.0
33.6
44.0
414.0
27.8
250.0
237.0
295.0
295.0
26.0
500.0
27.8
27.8
27.8
27.8
240.0
26.0
60.0
29.5
86.0
296.0
240.0
240.0
254.0
11.0
240.0
200.0
32.0
45.0
14.5
355.0
355.0
240.0
100.0
473.0
11.0
-1
256.0
29.5
245.0
245.0
246.0
245.0
262.0
240.0
591.0
240.0
29.4
29.4
29.4
29.4
29.4
29.4
29.4
29.5
29.4
29.4
29.4
29.4
29.4
29.3
29.5
29.3
247.0
29.5
29.6
29.5
30.5
29.5
30.9
29.6
29.3
30.8
30.5
30.6
29.3
30.0
31.0
29.6
30.8
30.8
29.6
30.7
30.7
29.6
31.0
29.6
29.5
30.7
258.0
30.5
250.0
30.8
29.4
29.4
29.3
473.0
240.0
237.0
98.0
253.0
29.6
360.0
12.0
256.0
240.0
281.0
240.0
266.0
262.0
248.0
39.0
282.0
265.0
-1
30.2
260.0
240.0
269.0
265.0
28.0
34.3
20.0
15.0
20.0
271.0
29.6
29.6
1.0
6.4
270.0
266.0
29.6
29.6
265.0
1.0
29.8
240.0
240.0
1.8
29.9
249.0
237.0
1.8
29.9
13.0
242.0
247.0
14.0
248.0
247.0
237.0
3.0
30.1
30.6
335.0
30.6
30.6
31.6
29.6
272.0
4.5
473.0
356.0
355.0
30.6
1184.0
30.3
248.0
248.0
248.0
247.0
248.0
240.0
473.0
35.2
31.0
210.0
31.0
34.8
30.9
15.0
200.0
31.3
29.6
268.0
240.0
240.0
31.3
271.0
227.0
-1
18.0
33.0
-1
36.5
30.9
-1
18.0
31.8
30.9
29.6
21.0
265.0
21.0
265.0
21.0
265.0
21.0
265.0
31.0
31.2
31.3
31.3
20.8
22.0
266.0
29.6
0.7
29.6
1.6
23.0
0.7
29.7
1.4
23.0
259.0
1.6
29.8
29.6
29.6
29.6
32.1
258.0
35.2
29.3
26.0
33.9
2.5
29.6
29.6
34.8
31.1
29.6
185.0
21.0
243.0
35.3
31.0
36.3
31.3
23.5
29.6
36.2
29.6
29.6
29.6
29.6
31.6
29.6
29.6
29.6
29.6
23.0
30.5
30.5
29.6
30.6
30.6
32.3
30.4
27.8
27.8
34.8
29.5
29.6
15.0
32.7
36.4
30.9
29.6
29.6
23.0
27.8
27.8
31.0
29.0
1.0
22.0
266.0
29.6
237.0
29.6
29.4
1.1
237.0
243.0
238.0
238.0
238.0
243.0
243.0
243.0
243.0
243.0
243.0
243.0
243.0
243.0
246.0
246.0
246.0
246.0
240.0
240.0
240.0
240.0
31.0
240.0
7.8
158.0
238.0
244.0
246.0
1.0
200.0
228.0
240.0
31.0
246.0
237.0
238.0
238.0
31.1
237.0
237.0
238.0
10.0
85.0
4.0
79.0
85.0
85.0
85.0
32.0
85.0
85.0
85.0
85.0
16.0
79.0
28.35
85.0
85.0
85.0
28.35
85.0
79.0
85.0
85.0
85.0
85.0
85.0
17.0
28.0
28.35
85.0
42.0
85.0
85.0
85.0
85.0
17.0
85.0
85.0
85.0
28.35
85.0
15.0
17.0
85.0
85.0
85.0
85.0
85.0
16.0
85.0
85.0
85.0
85.0
85.0
85.0
28.35
85.0
28.35
50.0
85.0
60.0
46.0
85.0
85.0
85.0
85.0
77.0
60.0
28.35
85.0
85.0
85.0
14.0
85.0
85.0
28.35
85.0
17.0
85.0
85.0
85.0
85.0
85.0
85.0
85.0
28.35
85.0
85.0
12.0
38.0
28.35
85.0
85.0
85.0
85.0
85.0
85.0
85.0
85.0
85.0
85.0
85.0
85.0
64.0
85.0
17.0
28.35
85.0
48.0
28.35
85.0
85.0
85.0
85.0
79.0
85.0
85.0
85.0
85.0
28.35
28.35
85.0
85.0
85.0
16.0
85.0
85.0
85.0
17.0
85.0
72.0
85.0
85.0
85.0
85.0
85.0
21.0
28.35
28.35
60.0
85.0
85.0
27.0
85.0
85.0
85.0
5.0
30.0
22.0
28.35
85.0
85.0
85.0
85.0
9.0
85.0
85.0
85.0
85.0
85.0
10.0
85.0
85.0
84.0
85.0
42.0
8.0
50.0
30.0
31.0
85.0
28.35
85.0
85.0
85.0
28.35
85.0
85.0
85.0
85.0
85.0
85.0
85.0
62.0
85.0
85.0
85.0
25.0
85.0
85.0
85.0
85.0
85.0
85.0
85.0
85.0
85.0
17.0
85.0
85.0
85.0
85.0
85.0
28.35
85.0
85.0
85.0
85.0
85.0
50.0
85.0
85.0
50.0
85.0
37.0
62.0
85.0
85.0
85.0
85.0
85.0
85.0
85.0
85.0
85.0
85.0
85.0
25.0
85.0
85.0
85.0
85.0
85.0
85.0
85.0
85.0
79.0
71.0
27.0
85.0
59.0
84.0
59.0
85.0
17.0
28.35
28.35
85.0
85.0
116.0
87.0
85.0
85.0
85.0
85.0
85.0
85.0
85.0
85.0
149.0
197.0
230.0
296.0
14.0
253.0
254.0
266.0
259.0
253.0
249.0
246.0
12.1
172.0
184.0
185.0
240.0
195.0
177.0
260.0
184.0
177.0
183.0
177.0
262.0
184.0
11.0
256.0
184.0
177.0
12.2
11.0
16.0
184.0
177.0
208.0
182.0
262.0
210.0
169.0
12.0
10.6
240.0
215.0
179.0
196.0
177.0
12.6
11.2
262.0
9.4
170.0
256.0
6.0
12.5
164.0
240.0
16.0
167.0
171.0
10.5
171.0
240.0
240.0
210.0
194.0
12.0
12.3
11.1
11.7
241.0
202.0
182.0
180.0
166.0
196.0
177.0
13.0
202.0
140.0
207.0
69.0
197.0
12.2
28.35
28.0
28.35
1.0
28.35
28.35
28.35
28.35
28.35
28.35
32.0
32.0
28.35
28.35
205.0
168.0
238.0
5.0
28.35
25.0
186.0
10.7
172.0
93.0
17.0
175.0
166.0
5.2
85.0
6.6
5.5
122.0
30.6
28.35
28.35
5.3
6.0
6.0
81.0
18.0
17.0
13.0
122.0
11.0
167.0
171.0
182.0
172.0
15.0
17.0
30.6
192.0
266.0
277.0
70.0
31.0
36.0
32.0
32.0
92.0
15.0
91.0
122.0
84.0
84.0
84.0
84.0
84.0
30.6
32.0
30.6
242.0
231.0
15.0
-1
130.0
130.0
120.0
120.0
120.0
79.0
79.0
79.0
79.0
91.0
243.0
243.0
243.0
243.0
243.0
243.0
243.0
243.0
243.0
243.0
243.0
243.0
243.0
243.0
243.0
243.0
243.0
243.0
243.0
243.0
243.0
243.0
122.0
243.0
243.0
243.0
227.0
170.0
227.0
170.0
170.0
170.0
170.0
170.0
170.0
170.0
15.0
15.0
15.0
79.0
91.0
85.0
85.0
85.0
79.0
79.0
91.0
56.0
56.0
230.0
172.0
240.0
185.0
177.0
177.0
177.0
262.0
177.0
177.0
177.0
158.0
177.0
256.0
182.0
169.0
171.0
169.0
179.0
240.0
177.0
179.0
170.0
164.0
253.0
152.0
240.0
171.0
171.0
194.0
198.0
188.0
182.0
166.0
177.0
202.0
180.0
196.0
28.35
1.0
28.35
28.35
28.35
32.0
32.0
16.0
168.0
16.0
172.0
172.0
28.35
28.35
4.5
4.9
81.0
116.0
17.0
13.0
11.0
171.0
172.0
46.0
51.0
80.0
92.0
55.0
85.0
85.0
35.0
230.0
92.0
55.0
90.0
85.0
31.0
92.0
92.0
38.0
48.0
85.0
72.0
55.0
31.0
55.0
55.0
55.0
85.0
64.0
45.0
55.0
55.0
71.0
16.0
55.0
38.0
16.0
45.0
64.0
71.0
67.0
64.0
67.0
85.0
86.0
71.0
-1
71.0
76.0
55.0
71.0
71.0
96.0
71.0
71.0
71.0
-1
67.0
142.0
40.0
64.0
38.0
284.0
114.0
269.0
67.0
80.0
105.0
67.0
71.0
71.0
38.0
67.0
85.0
-1
-1
56.0
80.0
255.0
67.0
241.0
85.0
28.35
85.0
28.35
85.0
28.35
85.0
28.35
85.0
28.35
85.0
28.35
85.0
28.35
85.0
28.35
85.0
28.35
85.0
28.35
85.0
28.35
85.0
28.35
64.0
85.0
28.35
46.0
85.0
28.35
85.0
85.0
28.35
85.0
85.0
28.35
85.0
85.0
85.0
28.35
85.0
85.0
85.0
28.35
70.0
85.0
85.0
28.35
55.0
74.0
85.0
28.35
85.0
85.0
85.0
28.35
85.0
85.0
85.0
28.35
85.0
85.0
28.35
85.0
28.35
85.0
28.35
85.0
115.0
85.0
115.0
85.0
115.0
85.0
115.0
85.0
115.0
43.0
115.0
30.0
115.0
85.0
115.0
85.0
115.0
85.0
115.0
85.0
28.35
85.0
28.35
85.0
28.35
85.0
28.35
85.0
85.0
85.0
85.0
28.35
85.0
85.0
85.0
85.0
85.0
80.0
85.0
28.35
69.0
85.0
28.35
85.0
85.0
28.35
85.0
85.0
28.35
85.0
85.0
28.35
85.0
85.0
28.35
85.0
85.0
28.35
85.0
85.0
85.0
85.0
85.0
28.35
85.0
85.0
28.35
85.0
85.0
28.35
85.0
85.0
28.35
85.0
28.35
85.0
28.35
85.0
28.35
85.0
85.0
28.35
28.35
85.0
28.35
85.0
28.0
85.0
28.35
85.0
28.35
85.0
28.35
85.0
28.35
85.0
28.35
85.0
28.35
85.0
28.35
85.0
28.35
85.0
28.35
85.0
28.35
85.0
85.0
28.35
85.0
85.0
28.35
85.0
85.0
28.35
85.0
28.35
85.0
85.0
28.35
85.0
85.0
28.35
85.0
28.35
85.0
28.35
85.0
28.35
85.0
28.35
85.0
85.0
28.35
80.0
67.0
28.35
85.0
28.35
85.0
28.35
28.35
85.0
28.35
85.0
28.35
85.0
28.35
85.0
28.35
85.0
28.35
85.0
28.35
85.0
28.35
85.0
28.35
85.0
28.35
85.0
28.35
85.0
28.35
85.0
28.35
85.0
28.35
53.0
85.0
28.35
85.0
85.0
28.35
85.0
85.0
85.0
28.35
45.0
59.0
85.0
28.35
85.0
85.0
85.0
28.35
85.0
28.35
85.0
28.35
85.0
28.35
42.0
28.35
85.0
28.35
85.0
28.35
28.35
28.35
28.35
28.35
85.0
85.0
85.0
85.0
28.35
85.0
28.35
85.0
28.35
85.0
28.35
85.0
28.35
85.0
28.35
85.0
28.35
85.0
28.35
85.0
28.35
85.0
28.35
85.0
28.35
85.0
28.35
85.0
28.35
85.0
28.35
85.0
28.35
85.0
28.35
85.0
28.35
85.0
28.35
85.0
28.35
85.0
63.0
54.0
63.0
54.0
28.35
85.0
28.35
85.0
28.35
85.0
28.35
85.0
28.35
85.0
28.35
85.0
85.0
85.0
85.0
85.0
85.0
85.0
85.0
85.0
102.0
85.0
85.0
85.0
85.0
28.35
85.0
54.0
85.0
85.0
85.0
85.0
85.0
85.0
85.0
113.0
-1
-1
-1
85.0
113.0
85.0
113.0
85.0
-1
113.0
85.0
85.0
113.0
113.0
85.0
113.0
85.0
113.0
85.0
113.0
85.0
113.0
85.0
113.0
85.0
113.0
85.0
113.0
85.0
113.0
85.0
113.0
85.0
113.0
85.0
113.0
85.0
113.0
113.0
85.0
85.0
113.0
85.0
113.0
85.0
85.0
85.0
85.0
113.0
85.0
113.0
85.0
85.0
85.0
113.0
85.0
113.0
85.0
113.0
85.0
113.0
85.0
113.0
85.0
85.0
85.0
113.0
85.0
113.0
113.0
85.0
44.0
55.0
85.0
85.0
85.0
85.0
-1
-1
-1
-1
85.0
85.0
85.0
85.0
85.0
85.0
114.0
85.0
114.0
114.0
85.0
114.0
85.0
85.0
85.0
-1
-1
-1
85.0
114.0
85.0
114.0
85.0
114.0
85.0
114.0
43.0
85.0
85.0
43.0
26.0
24.0
26.0
26.0
24.0
26.0
28.35
28.35
28.35
28.35
21.0
28.35
27.0
14.0
28.35
28.35
28.35
28.35
28.35
28.35
3.2
28.35
28.35
28.35
28.35
28.35
10.0
24.0
28.35
27.0
27.0
25.0
28.0
28.0
19.0
7.0
28.35
23.0
21.0
23.0
19.0
23.0
20.0
21.0
23.0
27.0
7.0
18.0
29.0
24.0
28.35
9.0
8.0
28.35
28.35
28.35
25.0
28.35
28.35
28.35
5.0
28.35
28.35
28.35
28.35
28.0
28.35
50.0
28.35
28.35
28.35
28.35
28.35
95.0
28.35
28.35
28.35
28.35
28.35
28.35
28.35
28.35
28.35
28.35
28.35
28.35
28.35
49.0
28.0
28.35
28.35
28.35
28.35
28.35
28.35
28.35
74.0
28.35
28.35
28.35
28.35
68.0
28.35
28.35
28.35
28.35
24.0
5.0
21.0
6.0
28.35
2.2
12.2
28.35
28.35
12.0
16.0
28.35
17.0
13.0
16.0
8.0
7.0
14.0
27.0
11.0
13.0
15.0
18.0
15.0
28.35
16.0
12.0
15.0
28.35
15.0
16.0
12.0
20.0
14.0
15.0
11.8
14.0
28.35
7.0
10.0
7.0
10.0
4.0
17.0
17.0
15.0
14.0
10.1
10.0
28.35
3.0
11.6
0.6
6.5
2.0
14.2
14.2
14.2
3.0
5.0
5.0
11.0
10.0
7.0
11.0
14.2
1.0
3.2
7.0
7.0
14.5
7.0
7.0
4.6
28.35
28.35
28.0
28.35
28.35
14.2
1.0
28.35
28.35
28.35
28.35
14.0
18.0
28.35
28.35
28.35
28.35
13.0
28.35
28.35
28.35
28.35
28.35
28.35
28.35
28.35
28.35
28.35
28.35
28.35
28.35
22.0
4.0
10.0
28.35
17.0
28.35
28.35
28.35
17.0
28.35
28.35
28.35
17.0
28.35
10.1
28.35
28.35
28.35
28.35
28.35
28.35
28.35
28.35
28.35
28.35
28.35
28.35
28.35
28.35
28.35
28.35
28.35
28.35
28.35
28.35
28.35
28.35
28.35
28.35
28.35
28.35
28.35
28.35
28.35
28.35
28.35
28.35
28.35
28.35
28.35
20.0
18.0
154.0
23.0
28.35
19.0
28.35
25.0
28.35
28.35
28.0
28.0
28.0
28.35
28.35
28.35
28.35
28.35
28.35
28.35
28.35
28.35
28.35
5.0
28.35
28.35
19.0
28.35
28.35
28.35
8.0
2.3
2.3
2.5
2.3
1.5
17.0
4.0
28.35
15.0
16.0
17.0
25.0
25.0
28.35
28.35
28.35
28.35
30.0
14.2
22.0
24.0
28.35
26.0
26.0
26.0
28.35
28.35
23.0
20.0
28.35
28.0
28.35
28.35
5.0
2.2
11.0
3.0
1.0
3.0
3.0
2.0
4.0
28.35
28.35
23.0
28.35
0.6
28.35
28.35
28.35
28.35
28.35
28.35
28.35
28.35
16.0
28.35
5.0
26.0
28.35
28.35
28.35
15.0
52.0
52.0
52.0
50.0
50.0
52.0
52.0
52.0
52.0
52.0
52.0
52.0
50.0
50.0
116.0
116.0
35.0
35.0
35.0
24.0
24.0
22.0
25.0
24.0
26.0
28.0
28.0
26.0
25.0
26.0
26.0
20.0
21.0
25.0
25.0
32.0
31.0
28.0
67.0
31.0
30.0
40.0
57.0
28.0
41.0
51.0
28.0
11.0
3.3
64.0
38.0
52.0
34.0
34.0
44.0
28.0
57.0
59.0
43.0
43.0
16.0
6.5
-1
-1
38.0
28.0
35.0
32.0
28.35
28.35
51.0
28.35
28.35
182.0
28.35
225.0
198.0
202.0
229.0
4.2
1.8
70.0
12.3
55.0
55.0
63.0
42.0
39.0
42.0
86.0
12.7
3.1
3.1
43.0
65.0
30.0
14.0
28.0
98.0
113.0
49.0
32.0
48.0
57.0
30.0
30.0
30.0
31.0
72.0
30.0
72.0
30.0
30.0
39.0
39.0
39.0
39.0
36.0
36.0
36.0
39.0
31.0
28.0
30.0
30.0
105.0
105.0
90.0
90.0
46.0
-1
35.0
20.0
28.0
28.35
28.35
28.35
28.35
28.35
28.0
21.0
14.0
21.0
24.0
24.0
84.0
28.0
28.0
28.0
28.0
-1
28.35
28.0
-1
20.0
28.35
28.35
8.0
11.0
10.0
28.35
28.35
11.0
14.2
28.35
28.35
28.35
28.35
28.35
11.0
28.35
28.35
9.0
9.0
9.0
28.35
28.35
28.35
28.35
28.35
28.35
28.35
6.6
19.0
40.0
40.0
7.0
16.0
28.35
10.1
35.0
6.6
28.35
14.2
170.0
14.5
28.35
11.0
41.0
28.35
28.35
14.0
76.0
107.0
86.0
43.0
40.0
42.0
153.0
66.0
88.0
66.0
16.0
28.35
17.0
28.35
16.0
28.35
28.35
39.0
3.2
3.0
11.0
10.0
37.0
18.0
45.0
73.0
68.0
50.0
7.0
28.35
26.0
40.0
7.0
147.0
142.0
142.0
20.0
37.0
40.0
10.0
15.0
20.0
78.0
41.0
10.0
8.2
39.0
40.0
12.0
14.0
18.0
7.0
19.0
49.0
21.0
14.2
14.0
28.35
28.35
45.0
7.0
8.0
42.0
8.4
1.8
15.0
5.0
15.0
28.0
57.0
50.0
48.0
3.0
17.0
5.4
5.4
141.0
21.0
141.0
5.0
21.0
21.0
6.4
117.0
7.0
39.0
202.0
28.35
25.0
147.0
141.0
21.0
25.0
142.0
128.0
147.0
28.35
27.0
128.0
23.0
128.0
28.35
25.0
142.0
8.0
141.0
22.0
140.0
128.0
128.0
128.0
-1
-1
39.0
51.0
28.35
140.0
9.0
-1
10.8
-1
9.9
41.0
35.0
24.0
33.0
-1
-1
99.0
112.0
113.0
39.0
39.0
34.0
388.0
33.0
39.0
34.0
17.0
26.0
40.0
42.0
55.0
56.0
37.0
37.0
44.0
44.0
68.0
77.0
72.0
40.0
28.0
58.0
58.0
26.0
21.0
14.2
28.35
99.0
29.0
52.0
47.0
72.0
17.0
40.0
14.0
14.0
14.0
28.35
50.0
14.0
20.0
39.0
39.0
41.0
40.0
50.0
74.0
5.0
74.0
59.0
25.0
127.0
22.0
127.0
25.0
147.0
25.0
140.0
22.0
22.0
20.0
25.0
147.0
21.0
127.0
3.0
2.3
2.5
1.0
3.0
35.0
38.0
20.0
22.0
19.0
21.0
20.0
21.0
15.0
20.0
20.0
20.0
20.0
41.0
28.35
42.0
41.0
20.0
51.0
10.7
33.0
33.0
327.0
20.0
15.0
12.0
11.0
99.0
72.0
28.35
28.35
28.0
28.0
28.0
28.0
20.0
14.2
33.0
26.0
28.0
28.35
9.0
9.0
18.0
9.0
28.35
9.0
24.0
28.35
28.35
28.35
28.35
28.35
28.35
-1
28.35
28.35
22.0
37.0
28.0
-1
28.35
28.35
23.0
28.35
21.0
2.5
2.5
25.0
22.0
21.0
23.0
22.0
14.0
20.0
9.0
28.35
28.35
8.0
11.0
28.35
28.35
28.35
28.35
28.35
28.35
9.0
9.0
9.0
9.0
28.35
28.35
28.35
28.35
28.35
33.0
28.35
3.5
5.4
5.0
42.0
67.0
1.0
84.0
55.0
74.0
68.0
68.0
68.0
68.0
68.0
68.0
68.0
69.0
72.0
68.0
79.0
64.0
78.0
44.0
80.0
68.0
68.0
71.0
56.0
28.0
58.0
58.0
28.35
28.35
28.35
28.35
12.9
14.5
4.6
0.5
42.0
80.0
6.9
60.0
31.0
35.0
40.0
1.0
44.0
-1
-1
-1
-1
20.0
193.0
246.0
128.0
184.0
200.0
157.0
170.0
164.0
168.0
120.0
140.0
8.4
166.0
76.0
117.0
114.0
126.0
114.0
122.0
157.0
122.0
170.0
138.0
128.0
173.0
86.0
165.0
200.0
174.0
94.0
219.0
170.0
185.0
202.0
156.0
190.0
195.0
48.0
185.0
158.0
185.0
158.0
95.0
165.0
195.0
186.0
200.0
186.0
185.0
174.0
132.0
118.0
158.0
169.0
128.0
102.0
102.0
167.0
192.0
152.0
192.0
130.0
192.0
192.0
168.0
192.0
168.0
192.0
58.0
115.0
120.0
125.0
125.0
137.0
137.0
111.0
108.0
160.0
164.0
158.0
57.0
140.0
128.0
128.0
128.0
57.0
57.0
57.0
57.0
134.0
38.0
160.0
38.0
160.0
28.0
57.0
114.0
57.0
176.0
45.0
57.0
105.0
64.0
97.0
57.0
140.0
137.0
148.0
162.0
104.0
57.0
176.0
64.0
97.0
185.0
186.0
172.0
174.0
194.0
193.0
252.0
160.0
166.0
6.9
117.0
114.0
122.0
105.0
157.0
122.0
170.0
138.0
160.0
158.0
125.0
38.0
160.0
57.0
105.0
157.0
185.0
158.0
185.0
158.0
195.0
186.0
200.0
205.0
167.0
125.0
160.0
105.0
157.0
140.0
158.0
125.0
57.0
-1
-1
-1
-1
-1
-1
-1
-1
-1
-1
-1
-1
119.0
121.0
-1
161.0
155.0
97.0
64.0
131.0
111.0
121.0
141.0
136.0
150.0
182.0
162.0
148.0
145.0
162.0
111.0
132.0
127.0
128.0
155.0
171.0
96.0
108.0
126.0
165.0
135.0
65.0
5.5
120.0
155.0
158.0
153.0
39.0
217.0
185.0
241.0
241.0
80.0
222.0
69.0
198.0
91.0
127.0
115.0
149.0
166.0
155.0
228.0
182.0
211.0
233.0
254.0
258.0
249.0
187.0
220.0
134.0
78.0
97.0
110.0
120.0
215.0
137.0
218.0
226.0
259.0
98.0
114.0
175.0
149.0
196.0
190.0
237.0
116.0
22.0
117.0
71.0
242.0
95.0
24.8
55.0
50.0
5.5
124.0
124.0
130.0
127.0
91.0
228.0
228.0
207.0
207.0
198.0
184.0
184.0
209.0
209.0
201.0
201.0
148.0
148.0
171.0
184.0
184.0
190.0
198.0
196.0
237.0
81.0
139.0
129.0
138.0
95.0
64.0
152.0
134.0
119.0
171.0
199.0
219.0
31.0
218.0
236.0
117.0
129.0
310.0
230.0
225.0
68.0
71.0
113.0
74.0
99.0
133.0
291.0
316.0
374.0
399.0
36.0
220.0
199.0
69.0
102.0
98.0
127.0
185.0
241.0
248.0
248.0
80.0
222.0
533.0
96.0
100.0
69.0
96.0
96.0
127.0
108.0
118.0
70.0
113.0
123.0
151.0
117.0
123.0
153.0
87.0
89.0
90.0
115.0
102.0
104.0
48.0
105.0
112.0
79.0
110.0
113.0
123.0
107.0
115.0
76.0
111.0
118.0
136.0
199.0
135.0
174.0
64.0
28.0
43.0
28.0
43.0
28.0
43.0
53.0
149.0
77.0
165.0
135.0
199.0
90.0
178.0
182.0
179.0
7.0
348.0
337.0
109.0
269.0
21.0
155.0
280.0
62.0
59.0
47.0
56.0
200.0
131.0
138.0
126.0
115.0
165.0
142.0
117.0
163.0
420.0
192.0
221.0
305.0
319.0
223.0
87.0
149.0
142.0
124.0
171.0
131.0
110.0
21.0
5.6
25.0
374.0
247.0
205.0
155.0
280.0
215.0
199.0
355.0
219.0
30.0
200.0
230.0
223.0
254.0
202.0
240.0
219.0
254.0
348.0
337.0
60.0
120.0
54.0
53.0
49.0
112.0
47.0
6.4
-1
115.0
40.0
60.0
23.0
-1
121.0
41.0
72.0
29.0
115.0
40.0
60.0
23.0
121.0
41.0
72.0
29.0
99.0
44.0
-1
54.0
16.0
99.0
44.0
54.0
17.0
268.0
271.0
149.0
107.0
40.0
66.0
20.0
-1
107.0
40.0
66.0
20.0
164.0
183.0
161.0
179.0
207.0
145.0
227.0
155.0
127.0
88.0
116.0
79.0
102.0
98.0
180.0
230.0
80.0
79.0
78.0
114.0
129.0
92.0
119.0
125.0
116.0
113.0
113.0
120.0
69.0
162.0
146.0
126.0
91.0
215.0
117.0
117.0
149.0
159.0
160.0
152.0
133.0
123.0
109.0
43.0
347.0
132.0
133.0
123.0
43.0
187.0
149.0
130.0
124.0
127.0
124.0
133.0
129.0
86.0
88.0
67.0
40.0
50.0
71.0
38.0
67.0
51.0
244.0
28.35
28.35
252.0
397.0
268.0
127.0
127.0
242.0
262.0
81.0
103.0
127.0
242.0
196.0
302.0
236.0
225.0
240.0
246.0
238.0
28.35
115.0
28.35
129.0
213.0
28.35
259.0
252.0
252.0
252.0
252.0
252.0
252.0
252.0
252.0
252.0
85.0
125.0
103.0
94.0
94.0
85.0
81.0
84.0
298.0
247.0
28.35
28.35
28.35
28.35
28.35
340.0
70.0
198.0
127.0
127.0
128.0
213.0
206.0
244.0
137.0
125.0
249.0
17.0
18.0
20.0
159.0
114.0
21.0
283.0
269.0
255.0
269.0
283.0
283.0
283.0
283.0
283.0
140.0
269.0
269.0
269.0
283.0
255.0
269.0
283.0
269.0
283.0
10.2
233.0
85.0
85.0
85.0
85.0
85.0
85.0
85.0
85.0
85.0
85.0
85.0
85.0
85.0
40.0
30.0
44.0
85.0
85.0
85.0
85.0
85.0
85.0
85.0
85.0
85.0
85.0
85.0
85.0
85.0
85.0
85.0
85.0
41.0
32.0
85.0
85.0
85.0
85.0
85.0
85.0
85.0
150.0
85.0
85.0
34.0
85.0
85.0
85.0
85.0
85.0
85.0
85.0
85.0
85.0
85.0
85.0
85.0
85.0
85.0
85.0
85.0
85.0
85.0
141.0
141.0
141.0
85.0
85.0
85.0
85.0
85.0
85.0
85.0
85.0
85.0
85.0
85.0
85.0
85.0
85.0
85.0
85.0
85.0
85.0
85.0
85.0
85.0
85.0
85.0
85.0
85.0
85.0
85.0
85.0
85.0
85.0
85.0
85.0
141.0
141.0
141.0
85.0
85.0
85.0
85.0
85.0
85.0
85.0
85.0
85.0
85.0
85.0
85.0
85.0
85.0
85.0
85.0
85.0
85.0
85.0
85.0
85.0
85.0
85.0
85.0
85.0
85.0
85.0
85.0
85.0
85.0
85.0
85.0
85.0
85.0
85.0
85.0
85.0
85.0
85.0
85.0
85.0
85.0
85.0
85.0
85.0
85.0
85.0
85.0
85.0
85.0
85.0
85.0
85.0
85.0
85.0
85.0
85.0
85.0
85.0
85.0
85.0
85.0
85.0
85.0
85.0
85.0
85.0
85.0
85.0
85.0
85.0
85.0
85.0
85.0
85.0
85.0
85.0
85.0
85.0
85.0
85.0
85.0
85.0
85.0
85.0
85.0
85.0
85.0
85.0
85.0
85.0
85.0
85.0
85.0
85.0
85.0
85.0
85.0
85.0
85.0
85.0
85.0
85.0
85.0
85.0
85.0
85.0
85.0
85.0
85.0
85.0
85.0
85.0
85.0
85.0
135.0
135.0
135.0
85.0
85.0
85.0
85.0
85.0
85.0
121.0
124.0
115.0
85.0
85.0
85.0
85.0
85.0
85.0
85.0
85.0
85.0
85.0
85.0
85.0
85.0
135.0
138.0
129.0
85.0
85.0
85.0
85.0
85.0
85.0
85.0
85.0
85.0
135.0
135.0
135.0
85.0
85.0
85.0
85.0
85.0
85.0
114.0
114.0
114.0
28.35
28.35
28.35
28.35
28.0
28.0
114.0
114.0
114.0
114.0
114.0
114.0
114.0
114.0
114.0
114.0
114.0
114.0
114.0
114.0
114.0
114.0
114.0
114.0
114.0
114.0
114.0
114.0
85.0
85.0
85.0
85.0
85.0
85.0
85.0
85.0
85.0
85.0
85.0
85.0
85.0
85.0
85.0
85.0
85.0
85.0
85.0
85.0
85.0
85.0
85.0
85.0
85.0
85.0
85.0
85.0
85.0
85.0
85.0
85.0
85.0
85.0
85.0
85.0
85.0
85.0
85.0
85.0
85.0
85.0
85.0
85.0
85.0
85.0
28.0
85.0
85.0
85.0
85.0
85.0
85.0
85.0
85.0
85.0
85.0
85.0
85.0
85.0
85.0
85.0
85.0
85.0
85.0
85.0
85.0
85.0
85.0
85.0
85.0
85.0
85.0
114.0
85.0
114.0
85.0
114.0
-1
85.0
85.0
114.0
85.0
113.0
85.0
113.0
85.0
113.0
85.0
113.0
85.0
113.0
113.0
85.0
113.0
85.0
85.0
113.0
85.0
113.0
85.0
113.0
85.0
113.0
85.0
113.0
85.0
85.0
113.0
85.0
113.0
85.0
113.0
85.0
113.0
113.0
85.0
113.0
85.0
113.0
85.0
114.0
85.0
114.0
85.0
114.0
85.0
114.0
85.0
114.0
85.0
113.0
85.0
113.0
85.0
113.0
85.0
113.0
85.0
85.0
113.0
113.0
85.0
113.0
85.0
113.0
113.0
85.0
85.0
85.0
85.0
113.0
70.0
85.0
85.0
85.0
114.0
85.0
114.0
114.0
114.0
85.0
114.0
114.0
114.0
114.0
85.0
114.0
68.0
28.35
64.0
85.0
85.0
85.0
85.0
85.0
28.35
85.0
85.0
85.0
85.0
85.0
85.0
85.0
85.0
85.0
85.0
-1
85.0
85.0
85.0
85.0
85.0
85.0
85.0
85.0
113.0
85.0
85.0
85.0
85.0
113.0
85.0
85.0
85.0
85.0
85.0
77.0
83.0
85.0
85.0
113.0
-1
85.0
85.0
85.0
85.0
85.0
85.0
85.0
85.0
28.35
28.35
28.35
85.0
28.35
28.35
28.35
28.35
28.35
28.35
28.35
28.35
28.35
28.35
28.35
28.35
28.35
28.35
28.35
28.35
28.35
28.35
28.35
28.35
28.35
85.0
28.35
85.0
28.35
28.35
28.35
28.35
28.35
28.35
28.35
28.35
28.35
28.35
28.35
28.35
28.35
28.35
28.35
28.35
28.35
85.0
28.35
28.35
28.35
28.35
28.35
28.35
28.35
28.35
28.35
28.35
28.35
85.0
85.0
85.0
85.0
85.0
85.0
85.0
85.0
85.0
85.0
85.0
85.0
85.0
85.0
85.0
85.0
28.35
28.35
23.0
55.0
55.0
55.0
28.0
55.0
24.0
22.0
28.0
28.35
7.9
80.0
44.0
68.0
22.0
55.0
48.0
28.35
28.35
62.0
28.35
7.9
28.35
28.35
28.35
50.0
78.0
35.0
47.0
24.0
20.0
28.35
35.0
60.0
28.35
20.0
20.0
40.0
28.0
32.0
17.0
68.0
24.0
35.0
35.0
35.0
31.0
9.0
28.0
38.0
28.0
28.0
-1
-1
-1
-1
-1
-1
241.0
233.0
223.0
245.0
245.0
245.0
126.0
126.0
126.0
245.0
245.0
245.0
246.0
305.0
305.0
32.0
32.0
32.0
32.0
126.0
130.0
124.0
40.0
254.0
256.0
245.0
245.0
33.0
30.0
34.0
30.0
35.0
60.0
30.0
32.0
30.0
18.0
16.0
18.0
17.0
18.0
240.0
58.0
208.0
56.0
6.5
36.0
5.6
58.0
36.0
46.0
150.0
150.0
105.0
105.0
105.0
105.0
76.0
76.0
70.0
70.0
92.0
70.0
70.0
45.0
70.0
70.0
31.0
70.0
70.0
31.0
70.0
70.0
70.0
70.0
55.0
55.0
29.0
29.0
30.0
36.0
24.0
29.0
25.0
25.0
32.0
33.0
32.0
30.0
30.0
30.0
30.0
40.0
31.0
30.0
29.0
32.0
32.0
39.0
39.0
39.0
32.0
31.0
30.0
32.0
34.0
31.0
30.0
32.0
31.0
28.0
31.0
14.0
15.0
15.0
14.0
14.0
16.0
29.0
29.0
28.0
26.0
36.0
35.0
26.0
26.0
26.0
28.0
27.0
30.0
30.0
31.0
8.0
27.0
29.0
31.0
31.0
30.0
31.0
31.0
29.0
31.0
31.0
30.0
26.0
30.0
29.0
37.0
25.0
25.0
25.0
25.0
28.0
33.0
29.0
29.0
39.0
21.0
21.0
21.0
21.0
21.0
20.0
21.0
20.0
21.0
21.0
21.0
21.0
21.0
30.0
31.0
30.0
31.0
28.0
31.0
32.0
38.0
38.0
16.0
16.0
16.0
16.0
16.0
16.0
15.0
15.0
15.0
16.0
15.0
14.0
14.0
14.0
14.0
16.0
15.0
29.0
32.0
30.0
31.0
31.0
12.0
12.0
30.0
30.0
30.0
30.0
30.0
33.0
50.0
50.0
50.0
50.0
50.0
50.0
50.0
50.0
52.0
50.0
50.0
50.0
50.0
50.0
48.0
48.0
50.0
48.0
48.0
23.0
23.0
10.0
30.0
30.0
30.0
30.0
30.0
30.0
50.0
50.0
29.0
30.0
29.0
32.0
38.0
38.0
29.0
29.0
29.0
32.0
29.0
31.0
32.0
31.0
38.0
38.0
28.0
30.0
32.0
29.0
29.0
32.0
33.0
28.0
29.0
29.0
32.0
30.0
26.0
31.0
29.0
32.0
28.0
28.0
30.0
21.0
32.0
28.0
30.0
30.0
21.0
30.0
21.0
21.0
30.0
30.0
25.0
25.0
30.0
30.0
30.0
30.0
30.0
30.0
30.0
21.0
21.0
30.0
30.0
30.0
14.0
39.0
39.0
39.0
110.0
70.0
34.0
34.0
30.0
29.0
39.0
21.0
31.0
13.0
27.0
38.0
30.0
29.0
29.0
31.0
30.0
29.0
32.0
32.0
28.0
30.0
30.0
15.0
15.0
15.0
43.0
79.0
106.0
98.0
29.0
25.0
31.0
14.0
31.0
32.0
41.0
27.0
27.0
36.0
34.0
38.0
29.0
35.0
31.0
70.0
105.0
68.0
90.0
15.0
36.0
11.8
29.0
51.0
56.0
36.0
28.0
38.0
38.0
48.0
43.0
57.0
43.0
81.0
41.0
38.0
31.0
43.0
14.0
34.0
62.0
22.0
5.2
44.0
23.0
30.0
44.0
34.0
35.0
28.0
25.0
36.0
78.0
69.0
44.0
10.7
6.1
45.0
48.0
30.0
25.0
40.0
28.0
48.0
69.0
3.9
44.0
45.0
30.0
23.0
7.4
5.2
5.3
5.2
5.3
5.1
34.0
44.0
78.0
-1
36.0
28.0
25.0
44.0
48.0
47.0
8.4
51.0
28.0
28.0
43.0
43.0
43.0
-1
43.0
32.0
32.0
53.0
32.0
45.0
57.0
32.0
43.0
69.0
51.0
43.0
43.0
26.0
2.5
243.0
243.0
243.0
243.0
243.0
243.0
243.0
243.0
243.0
243.0
30.0
30.0
243.0
243.0
243.0
5.0
25.0
159.0
130.0
51.0
85.0
85.0
85.0
85.0
85.0
85.0
85.0
85.0
268.0
25.0
34.0
269.0
229.0
9.0
247.0
9.6
238.0
25.0
189.0
42.0
42.0
51.0
44.0
79.0
57.0
80.0
145.0
99.0
127.0
61.0
42.0
8.8
237.0
133.0
198.0
241.0
284.0
57.0
114.0
127.0
127.0
127.0
57.0
298.0
63.0
126.0
64.0
72.0
128.0
9.6
8.7
31.4
31.4
9.6
9.4
9.4
9.4
9.4
9.6
9.4
9.4
30.4
30.0
30.5
8.7
-1
-1
-1
-1
-1
-1
45.0
-1
-1
-1
-1
-1
157.0
-1
-1
-1
-1
-1
-1
-1
-1
-1
-1
-1
-1
-1
-1
-1
-1
-1
-1
-1
-1
-1
-1
-1
-1
-1
-1
-1
-1
-1
-1
-1
-1
-1
-1
-1
-1
-1
-1
-1
-1
-1
-1
-1
-1
-1
-1
-1
-1
-1
-1
-1
-1
-1
-1
-1
-1
-1
-1
-1
-1
-1
-1
-1
-1
-1
-1
-1
-1
-1
-1
-1
28.35
28.35
28.35
152.0
197.0
308.0
411.0
303.0
186.0
-1
-1
-1
-1
-1
-1
-1
-1
-1
-1
-1
-1
-1
-1
-1
-1
-1
-1
-1
-1
-1
-1
-1
-1
-1
-1
-1
-1
-1
-1
-1
-1
-1
28.35
-1
-1
-1
-1
-1
108.0
-1
-1
-1
19.0
0.9
65.0
19.0
7.5
12.6
14.0
130.0
127.0
154.0
89.0
161.0
-1
66.0
-1
-1
-1
-1
-1
-1
-1
28.35
0.4
19.0
28.35
227.0
113.0
-1
57.0
-1
157.0
206.0
164.0
124.0
32.0
35.0
175.0
184.0
35.0
144.0
41.0
176.0
31.0
166.0
170.0
37.0
169.0
136.0
250.0
136.0
225.0
76.0
350.0
209.0
175.0
167.0
261.0
194.0
91.0
201.0
94.0
166.0
134.0
226.0
201.0
108.0
259.0
136.0
134.0
94.0
149.0
457.0
422.0
437.0
114.0
135.0
510.0
478.0
489.0
124.0
137.0
203.0
194.0
365.0
454.0
427.0
179.0
339.0
304.0
301.0
324.0
134.0
141.0
89.0
253.0
146.0
157.0
115.0
126.0
117.0
122.0
166.0
142.0
246.0
200.0
98.0
70.0
116.0
148.0
89.0
137.0
574.0
36.0
149.0
124.0
198.0
151.0
149.0
165.0
27.0
16.0
134.0
16.0
107.0
73.0
53.0
604.0
601.0
55.0
42.0
604.0
195.0
136.0
153.0
63.0
554.0
525.0
537.0
547.0
6.7
8.0
-1
78.0
15.0
18.0
31.5
31.5
20.0
14.0
137.0
75.0
3.0
13.4
14.6
28.35
14.0
30.0
2.2
15.0
13.0
16.0
17.0
17.0
15.0
14.0
16.0
21.0
15.0
57.0
51.0
186.0
174.0
174.0
30.6
45.0
17.0
16.0
19.0
-1
4.2
16.0
3.4
17.0
13.6
113.0
30.0
35.0
32.0
14.0
28.0
8.0
52.0
55.0
30.8
30.8
31.1
28.35
14.4
14.4
143.0
28.35
12.0
1.7
3.7
14.0
4.5
30.9
16.0
59.0
18.0
113.0
14.0
14.0
28.35
15.0
15.0
15.0
16.0
14.7
16.0
15.0
16.0
15.0
15.0
15.0
19.0
14.0
14.0
14.0
5.0
3.0
-1
2.0
31.2
7.0
85.0
43.0
62.0
253.0
140.0
240.0
168.0
70.0
14.0
144.0
85.0
15.0
56.0
150.0
150.0
128.0
136.0
4.9
29.5
0.8
7.4
7.0
80.0
15.0
3.0
245.0
55.0
122.0
55.0
5.6
125.0
80.0
-1
113.0
10.0
18.0
28.35
18.0
28.35
140.0
28.35
140.0
22.0
225.0
180.0
182.0
17.0
17.0
28.35
14.5
15.0
5.0
-1
2.0
29.8
113.0
14.0
18.0
30.2
17.0
17.0
30.5
16.0
8.0
18.0
31.6
14.0
144.0
28.0
28.0
-1
59.0
113.0
18.0
1.7
30.0
15.0
6.0
31.2
36.0
179.0
16.0
28.0
18.0
253.0
71.0
262.0
29.1
21.0
50.0
58.0
54.0
57.0
55.0
15.0
31.5
2.5
31.2
15.0
15.0
15.0
10.2
30.5
15.0
15.0
15.0
16.0
30.0
28.35
15.0
15.0
28.35
18.0
15.0
4.5
0.1
28.35
-1
9.9
-1
19.0
151.0
36.0
9.9
113.0
8.0
-1
45.0
17.0
85.0
21.0
85.0
85.0
